3
1
0 0
3
1 0
1
0
0
1
3
2000
01
3
2004
02
3
2001 0
3
1999 0
8 0
 0
 0
1
0 0
8 0
3 0
7 0
 0
1
84
4 0
4 0
5
3
1
8 0
6
5
35
0
0
0
0 0
3
3
7 0
0
0
2
3
3
1
7
3 0
3
8
2
75
8
5
9 0
5
6
8 0
9 0
5
5 0
 0
1
8
3 0
1
8
3 0
1
5
5
9
6
0 0
1
10
2 0
3 0
3
3
7 0
8
9
7 0
1
0
1
30195837
1 0
487226983 0
 0
8
9
7
71
0 0
 0
 0
 0
 0
1 0
 0
 0
 0
113 0
 0
 0
 0
 0
 0
 0
 0
 0
 0
 0
 0
255 0
 0
 0
 0
 0
1
5 0
 0
 0
 0
 0
 0
 0
 0
 0
 0
 0
 0
1 0
1 0
1 0
1 0
 0
3
3 0
 0
1 0
1 0
1 0
1 0
1 0
 0
 0
 0
 0
 0
 0
 0
 0
 0
 0
 0
 0
 0
 0
 0
 0
 0
 0
 0
 0
 0
1
1
3
2000
3
1999
0
0 0
19
51
0
0
18
776
51
062
0
0
18
776
51
062 0
 0
3
537
7
591
3
537
3
405
6
94
0
11
128
0
4
188
0
7
595
3
406
7
595
7
591 0
0
4
187
3
406
7
593
7
595
7
593
6
94
15
185
3
537
11
778
3
537
7
591
5
245
7
591
0
3
246
2
643
5
885
5
884
5
885 0
3
244
0
5
89
2
64
5
89
5
885
0
3
245
2
646
5
882
5
89
5
882
7
883
1
71
5
245
4
348
5
245
7
591 0
 0
2
418
11
445
0
7066
0
7076
0
7076
0
7066
11
7842
2
0922
1
902
7
622 0
 0
3
501
47
864
0
19
0
194
0
443
0
29
0
694
0
29
0
251
0
0
502
0
096
0
695
0
29
5
691
5
691
5
692
5
691 0
0
192
0
194
0
443
0
29
0
695
0
29
0
25
0
0
503
0
096
0
694
0
29
0
385
0
382
0
385
1
003
0
1
388
5
692
5
691
5
692
5
692 0
0
385
0
385
0
385
1
005
0
1
388
0
383
0
385
1
004
0
385
1
389
0
5
692
5
691
4
89
33
705
0
385
0
385
1
006
0
385
1
389
0 0
0
385
0
383
0
385
1
003
0
1
388
5
692
5
692
5
692
5
691
3
116
46
861
3
116
47
482
3
501
47
864 0
 0
 0
 0
 0
1
1
3
2000
0
0
15
63
69
13
0
0
15
63
69
13 0
0
0
15
63
69
13 0
12
8
7
776
12
803
7
773
5
424
0
3
766
1
573
9
65
7
776
3
766
13
98
5
424
15
553
12
803
7
78 0
9
037
61
351
9
036
61
351
14
918
55
15
13
26
53
577
7
459
59
689
1
658
53
577
0
55
15
5
882
61
351
5
882
61
351
5
884
61
353
0
67
557
1
658
69
13
7
459
63
019
13
26
69
13
14
918
67
557
9
034
61
353 0
 0
 0
 0
 0
 0
 0
 0
0 0
 0
 0
 0
 0
 0
 0
 0
 0
 0
 0
 0
 0
 0
 0
 0
 0
 0
 0
 0
 0
 0
 0
 0
 0
1
1
3
2000
3
1999
0
0 0
19
51
0
0
18
776
51
062
0
0
18
776
51
062 0
 0
4
2
83
3
537
7
591
3
537
3
405
6
94
0
11
128
0
4
188
0
7
595
3
406
7
595
7
591 0
0
4
187
3
406
7
593
7
595
7
593
6
94
15
185
3
537
11
778
3
537
7
591
5
245
7
591
0
3
246
2
643
5
885
5
884
5
885 0
3
244
0
5
89
2
64
5
89
5
885
0
3
245
2
646
5
882
5
89
5
882
7
883
1
71
5
245
4
348
5
245
7
591 0
 0
2
418
11
445
0
7066
0
7076
0
7076
0
7066
11
7842
2
0922
4
2
83
1
902
7
622 0
 0
4
2
83
3
501
47
864
0
19
0
194
0
443
0
29
0
694
0
29
0
251
0
0
502
0
096
0
695
0
29
5
691
5
691
5
692
5
691 0
0
192
0
194
0
443
0
29
0
695
0
29
0
25
0
0
503
0
096
0
694
0
29
0
385
0
382
0
385
1
003
0
1
388
5
692
5
691
5
692
5
692 0
0
385
0
385
0
385
1
005
0
1
388
0
383
0
385
1
004
0
385
1
389
0
5
692
5
691
4
89
33
705
0
385
0
385
1
006
0
385
1
389
0 0
0
385
0
383
0
385
1
003
0
1
388
5
692
5
692
5
692
5
691
3
116
46
861
3
116
47
482
3
501
47
864 0
 0
 0
 0
 0
 0
 0
 0
 0
 0
 0
 0
 0
 0
 0
 0
 0
 0
 0
 0
 0
 0
 0
 0
 0
 0
12 0
 0
1
1 0
 0
 0
 0
 0
 0
 0
 0
 0
 0
329
754
89526
52
5
0
2 0
 0
3
3 0
 0
 0
 0
 0
 0
3
3
3
3 0
1 0
 0
120 0
120 0
 0
2 0
 0
131 0
131 0
 0
3 0
 0
142 0
142 0
 0
4 0
 0
143 0
143 0
142
142 0
5 0
 0
154 0
154 0
2
0
160
142
143 0
6 0
 0
160 0
160 0
143
140 0
7 0
 0
163 0
163 0
100
200
142
160 0
8 0
 0
180 0
180 0
2
5
098
3
0
103
151
169
145
153 0
9 0
 0
190 0
190 0
142
490
490 0
10 0
 0
190 0
190 0
 0
11 0
 0
311 0
311 0
143
126
136 0
12 0
 0
312 0
312 0
311 0
13 0
 0
331 0
331 0
143 0
14 0
 0
332 0
332 0
373
311 0
15 0
 0
333 0
333 0
351 0
16 0
 0
340 0
340 0
 0
17 0
 0
341 0
341 0
413
143 0
18 0
 0
344 0
344 0
311 0
19 0
 0
351 0
351 0
143 0
20 0
 0
352 0
352 0
311
351 0
21 0
 0
369 0
369 0
311 0
22 0
 0
 0
371 0
205
215
271
369
371 0
23 0
 0
373 0
373 0
332
143 0
24 0
 0
374 0
374 0
333
143 0
25 0
 0
390 0
390 0
 0
 0
26 0
 0
390 0
390 0
390 0
27 0
 0
390 0
390 0
311 0
28 0
 0
391 0
391 0
143 0
29 0
 0
399 0
399 0
 0
30 0
 0
401 0
401 0
413
332
351 0
31 0
 0
402 0
402 0
332
351 0
32 0
 0
403 0
403 0
331
332 0
33 0
 0
410 0
410 0
351
451
373 0
34 0
 0
412 0
412 0
442
143
163 0
35 0
 0
413 0
413 0
341
401
373 0
36 0
 0
414 0
414 0
344
2
5
143 0
37 0
 0
415 0
415 0
473
373 0
38 0
 0
416 0
416 0
143
160
311
390
416 0
39 0
 0
417 0
417 0
373 0
40 0
 0
421 0
421 0
312
332 0
41 0
 0
427 0
427 0
312
332 0
42 0
 0
428 0
428 0
312
331
332
427 0
43 0
 0
431 0
431 0
312 0
44 0
 0
440 0
440 0
332 0
45 0
 0
441 0
441 0
440 0
46 0
 0
442 0
442 0
332 0
47 0
 0
444 0
444 0
332
344 0
48 0
 0
446 0
446 0
332
390
391
312 0
49 0
 0
447 0
447 0
312
332
308
446 0
50 0
 0
450 0
450 0
 0
51 0
 0
451 0
451 0
410
351
332
333 0
52 0
 0
452 0
452 0
451 0
53 0
 0
454 0
454 0
332
351
331
352
300
400 0
54 0
 0
455 0
455 0
3
3
333
332
308
391 0
55 0
 0
456 0
456 0
 0
56 0
 0
457 0
457 0
333
332
312
308 0
57 0
 0
458 0
458 0
457 0
58 0
 0
459 0
459 0
458 0
59 0
 0
460 0
460 0
458
459 0
60 0
 0
461 0
461 0
332
333 0
61 0
 0
464 0
464 0
2
3
3
458 0
62 0
 0
466 0
466 0
352
333 0
63 0
 0
467 0
467 0
352
332 0
64 0
 0
468 0
468 0
352
370 0
65 0
 0
 0
469 0
271
369
143
469 0
66 0
 0
470 0
470 0
351
469
469
470
471 0
67 0
 0
472 0
472 0
200
400
461
311
472 0
68 0
 0
473 0
473 0
415
332
312
390
391 0
69 0
 0
474 0
474 0
143
474 0
70 0
 0
475 0
475 0
271
369
466
472
474
474
475 0
71 0
 0
476 0
476 0
451
466 0
72 0
 0
478 0
478 0
332
312
308 0
73 0
 0
 0
481 0
332
351
331
352
300
400 0
 0
5
5 0
74 0
 0
481 0
481 0
 0
75 0
 0
481 0
481 0
 0
76 0
 0
481 0
481 0
 0
77 0
 0
481 0
481 0
 0
78 0
 0
481 0
481 0
 0
79 0
 0
481 0
481 0
 0
80 0
 0
481 0
481 0
 0
81 0
 0
481 0
481 0
 0
82 0
 0
481 0
481 0
 0
83 0
 0
481 0
481 0
 0
84 0
 0
481 0
481 0
 0
85 0
 0
481 0
481 0
 0
 0
 0
86 0
 0
481 0
481 0
10 0
87 0
 0
484 0
484 0
332
351 0
88 0
 0
486 0
486 0
136
307
351
311
308
352
423
423 0
89 0
 0
487 0
487 0
401
423
423
486
424
424 0
90 0
 0
488 0
488 0
423
423
486
142
144
145
425
425 0
91 0
 0
599 0
599 0
599
1
590
532 0
92 0
 0
490 0
490 0
 0
93 0
 0
490 0
490 0
 0
94 0
 0
490 0
490 0
 0
95 0
 0
490 0
490 0
 0
96 0
 0
456 0
456 0
 0
97 0
 0
490 0
490 0
 0
98 0
 0
490 0
490 0
 0
99 0
 0
490 0
490 0
 0
100 0
 0
490 0
490 0
 0
101 0
 0
490 0
490 0
 0
102 0
 0
490 0
490 0
 0
103 0
 0
490 0
490 0
 0
 0
104 0
 0
490 0
490 0
590
2011 0
105 0
 0
490 0
490 0
 0
